0.453125	-0.09375	-0.796875
0.265625	0.53125	-0.96875
0.125	0.203125	-1.1875
0.09375	0.5625	-0.859375
-0.015625	0.390625	-0.734375
-0.03125	0.28125	-1.015625
-0.1875	0.21875	-0.953125
-0.125	0.1875	-0.78125
-0.03125	0.390625	-0.796875
-0.03125	0.375	-1.015625
0.21875	0.109375	-0.6875
0.28125	0.046875	-0.703125
0.9375	0.09375	-0.96875
1.03125	-0.25	0.171875
0.59375	-0.296875	-0.78125
0.75	-0.546875	-0.703125
1.03125	-0.4375	-0.015625
0.5625	-0.546875	-0.15625
1.546875	-0.78125	-0.78125
0.875	-1.171875	-0.453125
0.71875	-1.3125	0.234375
0.78125	-1.09375	0.34375
0.9375	-1.984375	-0.796875
1.703125	-0.734375	-1.21875
0.140625	1.5625	-0.359375
-1.765625	1.984375	-1.765625
1.515625	1.109375	-0.75
1.984375	1.109375	-0.265625
1.984375	1.796875	1.21875
1.984375	1.984375	-1.984375
1.984375	1.984375	-1.984375
1.984375	1.984375	-1.25
1.984375	1.984375	-1.984375
1.984375	1.984375	2.0
1.984375	1.984375	1.015625
1.984375	1.984375	0.5
1.25	0.921875	0.359375
0.5625	1.0	0.109375
0.53125	0.84375	0.03125
0.46875	0.546875	-0.140625
0.5	0.28125	0.078125
0.84375	0.6875	0.28125
1.21875	0.890625	0.078125
1.09375	0.734375	0.015625
0.765625	0.578125	0.046875
0.75	0.25	0.078125
1.234375	0.25	0.109375
0.375	-0.28125	0.09375
0.9375	-0.015625	0.21875
1.21875	0.59375	0.21875
0.234375	-0.453125	-0.296875
1.859375	0.859375	-0.140625
0.515625	0.046875	0.21875
0.75	-0.734375	0.484375
1.5	0.453125	-0.15625
1.109375	-0.21875	-0.140625
0.421875	-0.21875	-0.25
1.765625	0.609375	0.15625
0.953125	0.484375	-0.03125
0.71875	0.03125	-0.0625
0.765625	0.015625	-0.140625
1.03125	0.546875	-0.0625
1.046875	0.40625	-0.015625
0.71875	0.171875	-0.109375
0.921875	0.25	-0.203125
0.921875	0.25	-0.140625
1.046875	0.25	0.0625
0.703125	0.25	-0.375
1.46875	0.4375	-0.078125
0.875	0.359375	0.0
0.5625	0.015625	-0.09375
1.578125	0.40625	-0.125
0.875	0.140625	0.1875
0.34375	-0.609375	-0.03125
1.796875	0.859375	0.0
0.5	0.828125	0.046875
0.84375	-0.171875	-0.171875
1.5	-0.046875	-0.234375
1.734375	-1.40625	0.109375
1.984375	0.375	-0.203125
1.984375	-0.328125	-0.921875
1.75	0.921875	-1.359375
1.75	0.921875	0.375
-2.0	1.984375	-0.828125
0.9375	1.546875	-1.984375
1.984375	1.984375	-0.8125
1.984375	1.84375	0.46875
1.984375	1.984375	-1.984375
1.984375	1.984375	-1.984375
1.984375	1.984375	-1.96875
1.984375	1.984375	-1.984375
1.984375	1.984375	-0.890625
1.984375	1.984375	0.0
1.984375	1.984375	1.328125
1.984375	0.34375	0.421875
1.265625	0.421875	0.15625
0.515625	0.9375	0.0625
0.546875	0.90625	0.09375
0.703125	0.8125	0.078125
0.765625	0.71875	-0.03125
0.75	0.609375	-0.09375
0.75	0.609375	-0.109375
0.765625	0.71875	0.046875
0.6875	0.671875	-0.171875
0.828125	0.765625	-0.0625
0.78125	0.5	-0.046875
1.0	0.515625	-0.3125
0.875	0.671875	0.359375
0.515625	0.390625	0.0
1.171875	0.4375	0.328125
0.84375	0.53125	0.140625
0.359375	-0.296875	0.21875
1.421875	0.84375	-0.078125
1.484375	0.71875	0.015625
0.625	-0.21875	-0.109375
1.0	0.578125	0.09375
0.96875	0.46875	0.03125
0.96875	0.0625	0.03125
0.890625	0.203125	-0.25
1.421875	-0.09375	0.046875
0.796875	-0.09375	0.09375
0.765625	0.078125	0.171875
1.015625	-0.25	-0.34375
1.484375	0.1875	-0.125
0.875	0.25	0.0
0.328125	-0.015625	0.1875
1.171875	0.546875	-0.0625
1.734375	1.0625	0.203125
0.453125	-0.4375	-0.125
1.375	0.578125	0.046875
1.484375	0.65625	0.15625
1.234375	-1.078125	-0.09375
1.984375	0.171875	-0.25
1.984375	0.265625	-0.78125
1.984375	1.453125	-1.15625
1.71875	1.984375	-0.5
-2.0	1.984375	-0.59375
-0.046875	1.96875	-1.0625
1.9375	1.78125	-0.546875
1.984375	1.984375	-0.03125
1.984375	1.984375	-1.984375
1.984375	1.984375	-1.765625
1.984375	1.984375	-1.640625
1.96875	1.984375	-1.453125
1.984375	1.984375	-1.984375
1.984375	1.984375	1.25
1.984375	1.984375	1.125
1.984375	0.296875	0.40625
1.65625	0.453125	-0.109375
0.828125	0.703125	0.015625
0.609375	0.78125	-0.125
0.71875	0.671875	-0.125
0.703125	0.6875	-0.0625
0.65625	0.765625	-0.140625
0.671875	0.6875	-0.15625
0.640625	0.75	-0.078125
0.671875	0.75	-0.15625
0.65625	0.75	-0.0625
0.65625	0.75	-0.125
0.625	0.765625	-0.171875
0.65625	0.765625	-0.0625
0.6875	0.765625	-0.09375
0.6875	0.78125	-0.1875
0.71875	0.6875	-0.0625
0.640625	0.71875	-0.125
0.640625	0.765625	-0.125
0.703125	0.75	-0.09375
0.6875	0.75	-0.09375
0.6875	0.734375	-0.21875
0.796875	0.765625	-0.484375
0.6875	0.78125	-0.21875
0.75	0.59375	-0.25
0.734375	0.515625	-0.375
0.75	0.53125	-0.296875
0.6875	0.515625	-0.328125
0.75	0.453125	-0.375
0.75	0.515625	-0.25
0.75	0.515625	-0.359375
0.765625	0.5	-0.296875
0.734375	0.578125	-0.328125
0.75	0.59375	-0.3125
0.765625	0.546875	-0.34375
0.75	0.53125	-0.359375
0.75	0.578125	-0.359375
0.765625	0.53125	-0.25
0.75	0.5625	-0.21875
0.703125	0.625	-0.28125
0.75	0.609375	-0.25
0.765625	0.59375	-0.265625
0.78125	0.53125	-0.21875
0.78125	0.609375	-0.25
0.78125	0.5625	-0.234375
0.8125	0.625	-0.21875
0.8125	0.625	-0.21875
0.765625	0.53125	-0.21875
0.71875	0.703125	-0.078125
0.703125	0.46875	-0.15625
